%YAML:1.0
---
Camera Matrix: !!opencv-matrix
   rows: 3
   cols: 3
   dt: d
   data: [ 5.1700368817095330e+02, 0., 320., 0., 5.1700368817095330e+02,
       212., 0., 0., 1. ]
Distortion Coefficients: !!opencv-matrix
   rows: 5
   cols: 1
   dt: d
   data: [ 1.1286636797980941e-01, -1.4877900799224317e+00, 0., 0.,
       2.3005718967610673e+00 ]
Rotation Vector: !!opencv-matrix
   rows: 3
   cols: 1
   dt: d
   data: [ 2.1533885201437934e+00, 7.6122708328266947e-03,
       -4.1345574143970477e-02 ]
Translation Vector: !!opencv-matrix
   rows: 3
   cols: 1
   dt: d
   data: [ -1.5182123063856450e+00, 2.2876769163064195e+00,
       1.2327161456342939e+01 ]
Rotation Matrix: !!opencv-matrix
   rows: 3
   cols: 3
   dt: d
   data: [ 9.9940924643751583e-01, 2.1504639711061934e-02,
       -2.6808741225448213e-02, -1.0546487197004840e-02,
       -5.5051359953461876e-01, -8.3475957516834787e-01,
       -3.2709780540368064e-02, 8.3454917602160195e-01,
       -5.4996158325710909e-01 ]
